0.000000
0.626939
1.253878
1.880817
2.507756
3.134695
3.761634
4.388573
5.015512
5.642451
6.269390
6.896329
7.523268
7.569705
8.312744
8.939683
9.566621
10.193560
10.924989
11.563537
12.318186
12.945125
13.572063
14.199002
14.942041
15.568980
16.312018
16.938957
17.565896
18.192834
18.935873
19.562812
20.317460
20.944399
21.559728
22.198277
22.929705
23.568254
24.311293
24.938231
25.565170
26.192109
26.935147
27.562086
28.316735
28.943673
29.570612
30.197551
30.940590
31.567528
32.322177
32.937506
33.564444
34.191383
34.946032
35.572971
36.316009
36.942948
37.569887
38.196825
38.939864
39.566803
40.321451
40.948390
41.563719
42.190658
42.945306
43.560635
44.315283
44.942222
45.569161
46.184490
46.695329
47.322268
47.937596
48.436825
48.947664
49.562993
50.189932
50.689161
51.316100
51.943039
52.442268
52.941497
53.568435
54.183764
54.694603
55.321542
55.948481
56.552200
57.318458
57.945397
58.549116
59.152834
59.756553
60.348662
60.940771
61.567710
62.194649
62.937687
63.564626
64.319274
64.946213
65.573152
66.188481
66.908299
67.570068
68.313107
68.940045
69.566984
70.193923
70.878912
71.563900
72.318549
72.945488
73.560816
74.187755
74.930794
75.569342
76.312381
76.939320
77.566259
78.193197
78.878186
79.563175
80.317823
80.944762
81.571701
82.187029
82.872018
83.568617
84.311655
84.938594
85.565533
86.192472
86.703311
87.318639
87.945578
88.560907
89.060136
89.570975
90.197914
90.940952
91.567891
92.310930
92.937868
93.564807
94.191746
94.934785
95.561723
96.316372
96.943311
97.558639
98.197188
98.940227
99.567166
100.310204
100.937143
101.564082
102.191020
102.759909
103.317188
104.060227
104.814875
105.569524
106.324172
107.067211
107.578050
108.309478
108.948027
109.574966
110.318005
111.061043
111.571882
112.314921
112.941859
113.568798
114.184127
114.799456
115.438005
116.053333
116.564172
117.063401
117.562630
118.317279
119.060317
119.571156
120.314195
120.941134
121.568073
122.322721
123.065760
123.576599
124.319637
125.062676
125.573515
126.316553
127.059592
127.570431
128.313469
128.940408
129.567347
130.310385
130.937324
131.564263
132.318912
133.061950
133.677279
134.304218
135.058866
135.569705
136.068934
136.579773
137.311202
137.938141
138.565079
139.319728
139.946667
140.561995
141.188934
141.873923
142.570522
143.313560
143.940499
144.567438
145.194376
145.937415
146.564354
147.319002
147.945941
148.561270
149.188209
149.884807
150.569796
151.312834
151.939773
152.566712
153.193651
153.878639
154.563628
155.318277
155.945215
156.560544
157.187483
157.930522
158.569070
159.312109
159.939048
160.565986
161.192925
161.935964
162.562902
163.317551
163.944490
164.559819
165.186757
165.697596
166.324535
166.951474
167.578413
168.205351
168.832290
169.459229
170.086168
170.713107
171.340045
171.966984
172.593923
173.220862
173.847800
174.463129
175.078458
175.693787
176.448435
177.191474
177.690703
178.282812
178.863311
179.443810
180.070748
180.697687
181.313016
181.823855
182.497234
183.159002
183.820771
184.575420
185.318458
185.817687
186.409796
186.990295
187.570794
188.197732
188.824671
189.440000
189.950839
190.693878
191.436916
191.947755
192.690794
193.433832
193.944671
194.525170
195.105669
195.686168
196.313107
196.940045
197.566984
198.066213
198.704762
199.343311
199.981859
200.620408
201.258957
201.897506
202.536054
203.174603
203.813152
204.451701
205.090249
205.728798
206.367347
207.005896
207.644444
208.282993
208.921542
209.560091
210.198639
210.837188
211.475737
212.114286
212.741224
213.368163
213.995102
214.622041
215.248980
215.875918
216.502857
217.129796
217.756735
218.383673
219.010612
219.637551
220.264490
220.891429
221.518367
222.145306
222.772245
223.399184
224.026122
224.653061
225.280000
225.906939
226.533878
227.160816
227.787755
228.414694
229.041633
229.668571
230.295510
230.922449
231.549388
232.176327
232.803265
233.430204
234.057143
234.695692
235.438730
236.065669
236.692608
237.435646
238.062585
238.689524
239.188753
239.687982
240.314921
241.057959
241.684898
242.439546
243.066485
243.681814
244.308753
245.005351
245.690340
246.444989
247.060317
247.687256
248.314195
249.057234
249.695782
250.438821
251.065760
251.692698
252.319637
253.062676
253.689615
254.444263
255.059592
255.686531
256.313469
256.986848
257.683447
258.438095
259.065034
259.691973
260.307302
260.818141
261.445079
262.072018
262.687347
263.186576
263.685805
264.312744
265.067392
265.694331
266.437370
267.064308
267.691247
268.318186
269.061224
269.688163
270.442812
271.069751
271.685079
272.312018
273.066667
273.693605
274.436644
275.063583
275.690522
276.317460
277.060499
277.687438
278.442086
279.069025
279.684354
280.311293
281.007891
281.692880
282.435918
283.062857
283.689796
284.316735
285.059773
285.686712
286.441361
287.068299
287.695238
288.322177
289.065215
289.692154
290.435193
291.062132
291.689070
292.316009
292.826848
293.442177
