7.488435
7.790295
8.289524
8.533333
8.904853
9.287982
9.520181
10.135510
10.298050
10.518639
10.657959
10.936599
11.284898
11.528707
11.911837
12.294966
12.527166
12.898685
13.281814
13.525624
14.152562
14.291882
14.535692
14.883991
15.290340
15.522540
15.917279
16.277188
16.532608
16.904127
17.298866
17.531066
18.158005
18.285714
18.552744
18.924263
19.295782
19.516372
19.911111
20.271020
20.549660
20.897959
21.269478
21.524898
22.151837
22.523356
22.651066
23.243175
23.533424
23.916553
24.288073
24.531882
24.903401
25.298141
25.518730
26.157279
26.540408
26.877098
27.295057
27.538866
27.933605
28.281905
28.537324
28.908844
29.291973
29.524172
30.139501
30.278821
30.545850
30.917370
31.288889
31.521088
31.904218
32.298957
32.554376
32.891066
33.285805
33.518005
34.144943
34.307483
34.539683
34.911202
35.271111
35.526531
35.909660
36.292789
36.548209
36.896508
37.279637
37.523447
38.150385
38.289705
38.521905
38.649615
38.928254
39.264943
39.531973
39.903492
40.263401
40.542041
40.901950
41.285079
41.540499
42.016508
42.295147
42.550567
42.910476
43.281995
43.409705
43.920544
44.292063
44.535873
44.779683
45.278912
45.499501
46.033560
46.300590
46.544399
46.927528
47.287438
47.508027
47.925986
48.262676
48.390385
48.541315
48.901224
49.295964
49.516553
49.992562
50.120272
50.410522
50.538231
50.909751
51.037460
51.269660
51.420590
51.919819
52.256508
52.407438
52.546757
52.778957
53.289796
53.521995
54.044444
54.404354
54.532063
54.903583
55.054512
55.263492
55.414422
55.902041
56.041361
56.401270
56.784399
57.295238
57.504218
57.771247
57.898957
58.282086
60.511202
60.894331
61.277460
61.509660
61.765079
62.148209
62.275918
62.542948
62.670658
62.926077
63.285986
63.529796
63.912925
64.296054
64.516644
64.899773
65.282902
65.526712
66.142041
66.292971
66.536780
66.919909
67.279819
67.500408
67.895147
68.301497
68.522086
68.905215
69.299955
69.520544
70.170703
70.530612
70.658322
70.913741
71.273651
71.517460
71.912200
72.295329
72.550748
72.910658
73.293787
73.525986
74.152925
74.547664
74.907574
75.302313
75.511293
75.929252
76.300771
76.544580
76.904490
77.264399
77.531429
77.786848
78.135147
78.297687
78.622766
78.913016
79.284535
79.528345
79.876644
80.294603
80.515193
80.909932
81.269841
81.502041
82.140590
82.303129
82.523719
82.651429
83.278367
83.510567
83.916916
84.276825
84.532245
84.903764
85.286893
85.530703
86.134422
86.273741
86.540771
86.900680
87.283810
87.516009
87.910748
88.293878
88.526077
88.909206
89.269116
89.524535
90.151474
90.546213
90.894512
91.277642
91.521451
91.776871
91.916190
92.299320
92.531519
92.903039
93.297778
93.518367
94.156916
94.284626
94.516825
94.644535
94.911565
95.306304
95.515283
95.910023
96.281542
96.513741
96.896871
97.291610
97.512200
98.150748
98.290068
98.545488
98.905397
99.288526
99.520726
99.915465
100.275374
100.530794
100.902313
101.285442
101.529252
102.132971
102.295510
102.539320
103.282358
104.025397
105.511474
106.266122
106.533152
106.788571
107.020771
107.287800
107.496780
108.019229
108.239819
108.425578
109.029297
109.284717
109.516916
110.004535
110.271565
110.538594
111.026213
111.281633
111.525442
112.036281
112.268481
112.535510
112.895420
113.034739
113.278549
113.533968
114.288617
114.555646
114.776236
114.973605
115.263855
115.530884
116.030113
116.262313
116.413243
117.028571
117.272381
117.400091
117.841270
118.003810
118.259229
118.410159
118.537868
118.758458
119.025488
119.408617
119.722086
120.035556
120.267755
120.395465
120.523175
120.674104
120.883084
121.405533
122.287891
122.554921
123.019320
123.263129
123.518549
124.006168
124.261587
124.517007
125.004626
125.283265
125.527075
126.026304
126.281723
126.537143
126.769342
127.024762
127.268571
127.407891
127.535601
128.034830
128.220590
128.406349
128.882358
129.033288
129.277098
129.509297
130.298776
131.006984
131.274014
131.413333
131.541043
132.017052
132.272472
132.423401
132.992290
133.236100
133.363810
133.514739
134.013968
134.257778
134.524807
135.024036
135.267846
135.534875
136.034104
136.266304
136.394014
136.521723
137.032562
137.264762
137.508571
137.880091
138.286440
138.507029
138.901769
139.284898
139.540317
139.900227
140.271746
140.527166
140.782585
141.130884
141.270204
141.525624
142.268662
142.535692
142.907211
143.278730
143.510930
143.894059
144.288798
144.532608
145.159546
145.298866
145.531066
145.658776
145.890975
146.274104
146.494694
146.901043
147.272562
147.539592
147.911111
148.282630
148.526440
149.141769
149.292698
149.524898
149.896417
150.279546
150.511746
150.906485
151.301224
151.533424
151.893333
152.276463
152.520272
153.147211
153.530340
153.901859
154.296599
154.528798
154.911927
155.283447
155.515646
155.898776
156.281905
156.514104
156.757914
157.152653
157.303583
157.559002
157.907302
158.278821
158.534240
158.905760
159.288889
159.532698
159.904218
160.298957
160.496327
161.134875
161.518005
161.645714
161.901134
162.272653
162.528073
162.922812
163.236281
163.514921
163.898050
164.281179
164.524989
165.128707
165.291247
165.546667
165.906576
166.289705
166.521905
166.916644
175.635737
177.156644
177.528163
177.655873
179.397370
179.757279
181.266576
181.789025
183.762721
185.283628
185.782857
187.524354
187.907483
189.405170
189.892789
191.390476
191.889705
193.387392
193.898231
195.628118
196.011247
197.520544
198.019773
227.532336
228.147664
228.519184
228.797823
229.749841
230.109751
233.639184
233.906213
234.405442
234.649252
235.415510
235.647710
235.914739
236.263039
236.413968
236.669388
237.029297
237.389206
237.551746
237.888435
238.027755
238.643084
239.037823
239.397732
239.629932
240.268481
240.686440
241.023129
241.406259
241.626848
242.033197
242.404717
242.648526
243.031655
243.414785
243.646984
244.262313
244.424853
244.668662
245.016961
245.400091
245.643900
246.050249
246.398549
246.665578
247.025488
247.420227
247.652426
248.279365
248.430295
248.662494
249.022404
249.428753
249.637732
250.032472
250.403991
250.636190
251.019320
251.414059
251.657868
251.890068
252.261587
252.667937
253.004626
253.387755
253.631565
254.037914
254.421043
254.664853
255.024762
255.419501
255.651701
256.150930
256.278639
256.429569
256.626939
256.789478
257.056508
257.416417
257.648617
258.031746
258.403265
258.658685
259.030204
259.413333
259.657143
260.284082
260.423401
260.620771
260.771701
261.015510
261.398639
261.688889
262.153288
262.640907
263.024036
263.395556
263.650975
264.277914
264.661043
264.788753
265.032562
265.392472
265.624671
266.042630
266.402540
266.669569
267.029478
267.389388
267.656417
268.271746
268.631655
268.782585
269.026395
269.421134
269.653333
270.036463
270.419592
270.663401
271.023311
271.418050
271.650249
272.242358
272.428118
272.648707
272.776417
273.020227
273.403356
273.647166
274.030295
274.401814
274.668844
275.017143
275.423492
275.655692
276.271020
276.421950
276.677370
277.025669
277.420408
277.617778
278.024127
278.395646
278.674286
279.022585
279.428934
279.661134
280.264853
280.427392
280.659592
281.054331
281.391020
281.634830
282.017959
282.424308
282.644898
283.028027
283.411156
283.654966
284.281905
284.653424
285.048163
285.396463
285.640272
286.035011
286.418141
286.661950
287.010249
287.404989
287.625578
288.275737
288.403447
288.647256
288.774966
289.018776
289.401905
289.645714
290.040454
290.423583
290.620952
290.992472
291.410431
291.654240
292.281179
292.408889
292.652698
292.780408
293.024218
293.407347
293.651156
294.034286
294.417415
294.545125
