1.149388
1.428027
1.625397
1.904036
2.101406
2.310385
2.356825
2.681905
2.983764
3.274014
3.575873
3.854512
4.017052
4.295692
4.504671
4.574331
4.783311
5.050340
5.236100
5.514739
5.665669
5.990748
6.246168
6.420317
6.698957
7.082086
7.174966
7.441995
7.778685
8.080544
8.359184
8.614603
8.672653
8.823583
9.113832
9.171882
9.589841
9.845261
10.193560
10.495420
10.750839
11.075918
11.203628
11.250068
11.331338
11.493878
11.958277
12.271746
12.585215
12.829025
13.177324
13.339864
13.548844
13.618503
13.897143
14.315102
14.675011
14.976871
15.267120
15.418050
15.568980
15.859229
16.265578
16.346848
16.602268
16.764807
16.904127
17.356916
17.693605
17.983855
18.297324
18.459864
18.738503
18.889433
19.051973
19.191293
19.469932
19.760181
20.363900
20.805079
20.956009
21.269478
21.582948
21.873197
22.186667
22.430476
22.790385
22.941315
23.080635
23.208345
23.835283
23.974603
24.102313
24.427392
24.555102
24.706032
24.996281
25.170431
25.483900
25.634830
25.936689
26.273379
26.389478
26.586848
26.702948
26.958367
27.550476
27.875556
28.014875
28.165805
28.792744
29.373243
29.744762
29.849252
29.965351
30.302041
30.429751
30.731610
30.859320
31.033469
31.184399
31.335329
31.451429
31.602358
31.776508
31.927438
32.031927
32.240907
32.368617
32.635646
32.809796
33.123265
33.262585
33.425125
33.541224
33.866304
33.994014
34.307483
34.470023
34.771882
35.085351
35.236281
35.538141
35.654240
35.816780
35.967710
36.165079
36.257959
36.408889
36.583039
36.745578
36.861678
37.163537
37.442177
37.627937
37.894966
38.045896
38.196825
38.359365
38.521905
38.661224
38.812154
38.951474
39.125624
39.288163
39.566803
39.880272
40.007982
40.309841
40.483991
40.623311
40.774240
40.925170
41.064490
41.192200
41.377959
41.517279
41.679819
41.830748
41.946848
42.237098
42.411247
42.689887
42.852426
42.991746
43.165896
43.467755
43.607075
43.920544
44.083084
44.350113
44.640363
44.826122
45.127982
45.244082
45.395011
45.569161
45.731701
45.847800
45.998730
46.184490
46.335420
46.486349
46.625669
46.764989
47.043628
47.206168
47.542857
47.693787
47.821497
47.937596
48.262676
48.413605
48.727075
48.878005
49.179864
49.458503
49.621043
49.760363
49.911293
50.062222
50.387302
50.677551
50.991020
51.246440
51.583129
51.757279
51.861769
51.954649
52.326168
52.500317
52.604807
52.755737
52.929887
53.092426
53.220136
53.359456
53.510385
53.649705
53.986395
54.265034
54.427574
54.659773
54.741043
54.891973
55.008073
55.182222
55.391202
55.472472
55.785941
55.948481
56.064580
56.354830
56.668299
56.830839
56.993379
57.121088
57.283628
57.434558
57.585488
57.875737
58.049887
58.154376
58.491066
58.792925
59.071565
59.199274
59.524354
59.686893
59.837823
59.977143
60.255782
60.569252
60.882721
61.184580
61.335510
61.463220
61.556100
61.625760
61.916009
62.101769
62.206259
62.368798
62.519728
62.693878
62.798367
62.984127
63.274376
63.448526
63.587846
63.889705
64.029025
64.354104
64.470204
64.609524
64.772063
65.085533
65.375782
65.642812
65.851791
65.979501
66.304580
66.443900
66.896689
67.036009
67.163719
67.453968
67.639728
67.755828
68.034467
68.220227
68.359546
68.847166
69.288345
69.404444
69.566984
69.880454
70.008163
70.182313
70.484172
70.786032
71.076281
71.227211
71.680000
71.830930
71.993469
72.260499
72.411429
73.131247
73.769796
74.222585
74.385125
74.965624
75.267483
75.557732
75.871202
76.033741
76.184671
76.486531
77.380499
77.670748
77.937778
78.587937
78.878186
79.737324
80.654512
80.817052
80.967982
81.269841
81.850340
82.140590
82.314739
82.779138
83.080998
83.359637
83.661497
83.963356
84.543855
84.868934
85.147574
85.472653
85.611973
85.739683
86.041542
86.529161
86.831020
86.970340
87.562449
88.166168
88.433197
89.060136
89.361995
89.640635
89.954104
90.406893
90.546213
90.894512
91.370522
91.486621
91.776871
92.310930
93.112018
93.297778
93.506757
93.553197
93.878277
94.180136
94.505215
94.795465
95.062494
95.225034
95.503673
95.701043
95.793923
95.991293
96.258322
96.432472
96.711111
96.885261
97.187120
97.442540
97.616689
97.895329
98.290068
98.371338
98.649977
98.975057
99.218866
99.555556
99.810975
100.019955
100.298594
100.391474
100.797823
101.122902
101.401542
101.958821
102.423220
102.574150
102.725079
102.887619
103.026939
103.143039
103.468118
103.758367
104.071837
104.373696
104.559456
104.629116
104.965805
105.105125
105.430204
105.557914
106.022313
106.150023
106.463492
106.765351
106.939501
107.357460
107.833469
107.972789
108.146939
108.390748
108.553288
108.855147
109.168617
109.633016
109.760726
109.946485
110.004535
110.097415
110.225125
110.329615
110.968163
111.281633
111.432562
111.571882
112.013061
112.175601
112.628390
112.779320
113.092789
113.324989
113.684898
113.975147
114.160907
114.358277
114.578866
115.043265
115.170975
115.484444
115.623764
115.786304
116.041723
116.215873
116.378413
116.645442
116.982132
117.098231
117.272381
117.388481
117.574240
117.852880
118.166349
118.479819
118.619138
118.793288
118.932608
119.362177
119.524717
119.664036
119.791746
119.977506
120.267755
120.558005
120.871474
121.161723
121.498413
121.649342
121.927982
122.125351
122.253061
122.369161
122.671020
122.972880
123.251519
123.564989
123.843628
124.006168
124.319637
124.505397
124.656327
124.784036
125.062676
125.236825
125.503855
125.701224
125.979864
126.246893
126.444263
126.630023
126.746122
127.106032
127.152472
127.465941
127.779410
128.058050
128.371519
128.673379
128.812698
129.079728
129.300317
129.555737
129.718277
129.822766
130.008526
130.496145
130.647075
130.739955
131.378503
131.831293
131.959002
132.585941
132.829751
133.178050
133.456689
133.607619
133.781769
134.060408
134.222948
134.965986
135.558095
136.173424
136.475283
136.626213
136.777143
137.032562
137.369252
137.659501
138.263220
138.890159
139.447438
139.772517
140.364626
140.666485
140.979955
141.270204
141.572063
141.850703
142.175782
142.477642
142.767891
143.232290
143.348390
143.650249
144.265578
144.567438
145.171156
145.774875
146.065125
146.227664
146.622404
147.237732
147.562812
148.015601
148.166531
148.445170
148.886349
149.037279
149.385578
149.908027
150.430476
150.709116
150.883265
151.034195
151.185125
151.336054
151.463764
151.614694
151.788844
151.904943
152.067483
152.206803
152.369342
152.647982
152.787302
153.112381
153.274921
153.565170
153.867029
154.006349
154.180499
154.308209
154.482358
154.760998
155.086077
155.237007
155.550476
155.678186
155.817506
155.956825
156.130975
156.258685
156.572154
156.711474
156.862404
157.001723
157.175873
157.315193
157.466122
157.617052
157.918912
158.046621
158.197551
158.348481
158.534240
158.650340
158.963810
159.265669
159.532698
160.020317
160.298957
160.461497
160.507937
160.589206
160.751746
160.925896
161.065215
161.355465
161.552834
161.657324
161.808254
161.935964
162.261043
162.411973
162.562902
162.679002
162.829932
162.980862
163.143401
163.468481
163.898050
163.967710
164.072200
164.350839
164.710748
164.815238
165.128707
165.256417
165.395737
165.569887
165.744036
165.836916
166.011066
166.150385
166.336145
166.487075
166.614785
166.742494
166.963084
167.079184
167.230113
167.636463
168.518821
169.041270
169.168980
169.470839
170.074558
170.364807
170.573787
170.968526
171.223946
171.444535
171.572245
171.897324
172.953832
173.035102
173.395011
173.766531
173.987120
174.463129
174.892698
175.357098
175.670567
175.798277
175.960816
176.053696
176.703855
176.970884
177.284354
177.771973
177.864853
178.189932
178.758821
179.072290
179.641179
179.966259
180.163628
180.256508
180.581587
181.011156
181.150476
181.405896
181.765805
182.532063
182.973243
183.588571
184.041361
184.157460
184.331610
184.424490
184.923719
185.051429
185.364898
185.910567
186.456236
186.897415
187.373424
187.477914
187.640454
187.744943
187.953923
188.348662
188.975601
189.579320
190.183039
190.438458
190.775147
191.077007
191.227937
191.378866
191.634286
191.808435
192.284444
192.586304
192.981043
193.143583
193.770522
194.060771
194.234921
194.664490
194.977959
195.256599
195.883537
196.197007
196.347937
196.487256
196.626576
197.079365
197.369615
197.508934
198.298413
198.577052
199.029841
199.145941
200.051519
200.364989
200.655238
200.817778
200.968707
201.723356
202.141315
202.768254
203.395193
203.662222
203.836372
204.138231
204.289161
204.567800
204.869660
205.171519
205.612698
205.786848
206.053878
206.344127
206.657596
206.959456
207.272925
207.412245
207.551565
208.190113
208.457143
208.631293
209.049252
209.351111
209.676190
209.954830
210.430839
210.581769
210.872018
211.034558
211.139048
211.475737
211.777596
212.056236
212.392925
212.985034
213.437823
213.565533
213.820952
214.180862
214.482721
214.726531
215.225760
215.365079
215.666939
216.131338
216.247438
216.572517
216.735057
216.885986
217.768345
218.093424
218.221134
218.383673
218.662313
218.952562
219.277642
219.567891
219.881361
220.020680
220.160000
220.461859
220.624399
220.775329
220.914649
221.042358
221.355828
221.669297
221.982766
222.261406
222.423946
222.540045
222.865125
223.027664
223.143764
223.445624
223.782313
224.037732
224.351202
224.676281
224.803991
224.989751
225.129070
225.268390
225.419320
225.732789
225.883719
226.185578
226.336508
226.452608
226.626757
226.742857
227.369796
227.694875
227.834195
227.985125
228.275374
228.588844
228.867483
229.169342
229.482812
229.622132
229.773061
230.063311
230.225850
230.388390
230.516100
230.817959
230.968889
231.421678
231.560998
232.176327
232.478186
232.629116
233.395374
233.685624
233.941043
234.428662
234.579592
234.858231
