14.675011
26.668118
34.679002
38.173605
38.684444
40.275011
40.530431
41.122540
41.552109
41.819138
41.970068
42.179048
43.014966
43.932154
44.199184
44.547483
44.919002
45.278912
45.557551
45.743311
46.288980
48.239456
48.552925
48.901224
49.295964
49.748753
49.969342
50.166712
50.480181
50.665941
50.898141
52.163628
52.558367
52.918277
54.172154
54.543673
54.671383
54.926803
55.553741
56.505760
59.199274
59.559184
60.035193
60.522812
60.998821
62.020499
62.287528
62.542948
62.809977
63.251156
63.750385
64.040635
64.470204
64.632744
65.039093
66.049161
66.223311
66.536780
66.803810
67.546848
68.522086
69.253515
69.474104
69.752744
70.182313
70.553832
71.517460
72.039909
72.504308
73.282177
73.990385
74.234195
74.524444
74.814694
75.174603
75.824762
76.265941
76.532971
77.554649
78.007438
78.309297
78.773696
79.180045
79.539955
80.515193
81.037642
82.001270
82.245079
82.512109
83.986576
84.578685
85.553923
88.038458
88.293878
90.662313
95.933243
100.960363
102.179410
102.423220
102.934059
103.259138
103.479728
103.874467
104.164717
104.594286
104.919365
105.302494
105.999093
106.184853
106.730522
107.276190
107.461950
107.728980
108.054059
108.704218
109.098957
109.540136
110.004535
110.735964
111.293243
112.140771
112.431020
112.976689
113.208889
113.336599
113.557188
113.835828
114.033197
114.184127
114.311837
114.567256
114.718186
114.973605
115.298685
115.472834
116.030113
116.424853
116.691882
116.842812
117.051791
117.237551
117.551020
118.294059
118.468209
118.793288
119.559546
119.977506
120.929524
121.057234
121.196553
121.556463
122.264671
123.042540
123.390839
124.052608
124.482177
125.283265
126.293333
126.746122
127.303401
127.628481
128.301859
128.429569
128.638549
128.928798
129.056508
129.300317
130.600635
130.798005
131.006984
131.297234
131.424943
131.877732
132.098322
133.270930
133.503129
134.280998
134.745397
135.302676
135.546485
138.205170
138.553469
139.006259
139.505488
140.016327
141.270204
141.572063
142.268662
142.756281
143.046531
143.510930
144.056599
145.031837
145.287256
145.507846
145.821315
146.227664
148.259410
148.480000
149.014059
149.315918
149.524898
150.035737
151.034195
151.219955
151.916553
152.230023
152.984671
153.518730
154.273379
154.540408
155.968435
156.560544
156.932063
157.071383
157.489342
158.278821
158.545850
159.335329
160.031927
161.018776
161.239365
161.518005
162.295873
162.539683
162.922812
163.538141
164.548209
167.032744
167.299773
202.431565
202.675374
203.348753
203.906032
204.138231
204.358821
204.672290
205.159909
205.450159
206.320907
206.645986
207.156825
207.400635
207.888254
208.410703
210.384399
210.663039
211.104218
211.452517
211.916916
212.439365
212.671565
213.135964
214.424671
215.388299
215.899138
216.409977
218.372063
218.511383
219.126712
219.277642
219.416961
220.160000
221.158458
222.377506
222.667755
223.166984
223.422404
223.910023
224.409252
224.920091
230.353560
230.678639
231.131429
231.421678
231.897687
232.408526
232.687166
233.325714
233.674014
234.103583
234.393832
234.626032
235.554830
236.402358
236.924807
237.377596
237.679456
237.876825
238.120635
238.643084
238.944943
239.084263
240.477460
240.616780
240.930249
241.348209
241.673288
241.940317
242.706576
243.368345
243.623764
244.088163
244.413243
245.144671
245.667120
246.143129
246.340499
247.420227
248.128435
248.372245
248.674104
249.335873
249.707392
249.916372
250.403991
250.659410
251.100590
251.669478
252.122268
252.424127
252.888526
253.352925
253.666395
254.142404
254.386213
254.688073
254.873832
255.047982
255.674921
256.116100
256.626939
258.101406
261.932698
262.420317
268.794195
273.670385
288.298957
